error(train): 0.360000
error(test): 0.360000
