error(train): 0.215238
error(test): 0.217778
