error(train): 0.183810
error(test): 0.188889
