error(train): 0.253333
error(test): 0.251111
