error(train): 0.231429
error(test): 0.233333
