error(train): 0.160000
error(test): 0.240000
